975 1191 2879 2432 
354 413 2551 514 
486 2296 2251 1925 
1320 919 1722 1166 
949 1135 2350 2400 
415 1222 1273 1793 
726 2032 1167 570 
2317 1105 1282 2130 
2533 1015 443 2966 
370 625 59 540 

1198 1913 2168 1822 
1578 1797 2831 2571 
2985 2413 209 30 
1329 2073 882 1394 
1543 2751 502 2468 
1699 2746 1047 2903 
1807 972 1170 1377 
2230 1310 1936 1445 
1131 776 1267 2060 
1046 1512 1988 2788 

426 209 2686 1816 
2755 2559 2419 1825 
183 2392 2830 1678 
349 633 1178 376 
519 1737 2645 291 
1047 2328 1027 2523 
1097 452 2061 2963 
228 2124 2595 2662 
1982 31 889 2331 
2204 2577 2360 1998 

2578 75 225 2473 
1102 117 997 2675 
130 2651 716 2938 
2038 1444 1547 1504 
117 294 1997 211 
216 1714 1452 1666 
2629 2417 2220 2594 
1308 2668 2826 2306 
1067 1247 348 1545 
2530 284 1136 2859 

2999 1175 1668 1393 
545 1756 1680 2788 
1690 2542 1672 2352 
2710 228 2254 1981 
2121 1836 1702 2796 
1025 416 2196 1121 
256 2872 139 282 
2368 48 94 1347 
1108 688 418 2872 
913 1455 1794 2675 

1500 2425 2700 372 
1172 1764 559 349 
2249 1301 2132 1459 
477 255 2769 2869 
717 1205 1913 1741 
1371 1222 737 1948 
1990 407 713 2403 
1577 2712 2207 864 
748 1175 785 2554 
2464 342 2359 1319 

967 636 518 610 
1821 2093 2262 1143 
2768 2061 1762 2492 
1790 262 2699 1420 
1690 342 1692 1493 
1388 1859 669 497 
2974 441 1448 1619 
2471 59 116 2293 
560 2840 21 1254 
302 2830 2871 395 

1507 775 1181 1017 
909 1842 1138 1424 
2459 1680 1666 1543 
2573 1277 1183 444 
608 1757 956 425 
2536 2050 338 1492 
1826 2143 1604 1092 
1271 2162 1181 1029 
1413 2693 1020 47 
2007 1203 1395 2366 

2951 1688 1594 2079 
579 1966 2632 1706 
395 410 2893 2858 
2873 2176 2119 2600 
1789 674 1257 2535 
2050 861 1201 1730 
423 269 2344 1016 
472 898 1121 1878 
760 1769 2876 474 
1405 1511 2946 1003 

1541 766 1475 275 
1415 1229 833 2499 
1358 658 2326 1181 
2035 2724 621 548 
815 92 454 1846 
1875 2113 178 2620 
2760 1804 1847 2459 
1464 75 742 2920 
339 2994 1961 63 
2863 1852 2686 1064 

